1                    U.S. GEOLOGICAL SURVEY MODULAR FINITE-DIFFERENCE GROUND-WATER MODEL
0partially penetrating well problem  quadrant fine spacing                       6/25/91  pfa                                    
    2 LAYERS        19 ROWS        19 COLUMNS
   1 STRESS PERIOD(S) IN SIMULATION
 MODEL TIME UNIT IS SECONDS
0I/O UNITS:
 ELEMENT OF IUNIT:  1  2  3  4  5  6  7  8  9 10 11 12 13 14 15 16 17 18 19 20 21 22 23 24
         I/O UNIT: 11 12  0  0  0  0  0  0 19  0  0 22  0  0  0  0  0  0  0  0  0  0  0  0
0BAS1 -- BASIC MODEL PACKAGE, VERSION 1, 9/1/87 INPUT READ FROM UNIT  1
 ARRAYS RHS AND BUFF WILL SHARE MEMORY.
 START HEAD WILL BE SAVED
     6905 ELEMENTS IN X ARRAY ARE USED BY BAS
     6905 ELEMENTS OF X ARRAY USED OUT OF   80000
0BCF1 -- BLOCK-CENTERED FLOW PACKAGE, VERSION 1, 9/1/87 INPUT READ FROM UNIT 11
 TRANSIENT SIMULATION
      LAYER  AQUIFER TYPE
      -------------------
         1         0
         2         0
      724 ELEMENTS IN X ARRAY ARE USED BY BCF
     7629 ELEMENTS OF X ARRAY USED OUT OF   80000
0WEL1 -- WELL PACKAGE, VERSION 1, 9/1/87 INPUT READ FROM 12
 MAXIMUM OF    1 WELLS
        4 ELEMENTS IN X ARRAY ARE USED FOR WELLS
     7633 ELEMENTS OF X ARRAY USED OUT OF   80000
0SIP1 -- STRONGLY IMPLICIT PROCEDURE SOLUTION PACKAGE, VERSION 1, 9/1/87 INPUT READ FROM UNIT 19
 MAXIMUM OF  50 ITERATIONS ALLOWED FOR CLOSURE
  5 ITERATION PARAMETERS
     3093 ELEMENTS IN X ARRAY ARE USED BY SIP
    10726 ELEMENTS OF X ARRAY USED OUT OF   80000
1partially penetrating well problem  quadrant fine spacing                       6/25/91  pfa                                    
0                                                              BOUNDARY ARRAY =              1 FOR LAYER  1
0                                                              BOUNDARY ARRAY =              1 FOR LAYER  2
0AQUIFER HEAD WILL BE SET TO  999.00     AT ALL NO-FLOW NODES (IBOUND=0).
0                                                                INITIAL HEAD =   .0000000     FOR LAYER  1
0                                                                INITIAL HEAD =   .0000000     FOR LAYER  2
0HEAD PRINT FORMAT IS FORMAT NUMBER  10    DRAWDOWN PRINT FORMAT IS FORMAT NUMBER  10
0HEADS WILL BE SAVED ON UNIT  0    DRAWDOWNS WILL BE SAVED ON UNIT  0
0OUTPUT CONTROL IS SPECIFIED EVERY TIME STEP
0                                                    COLUMN TO ROW ANISOTROPY =   1.000000    
0


                                                  DELR WILL BE READ ON UNIT 11 USING FORMAT: (7G11.4)            
                              -------------------------------------------------------------------------------

   1.0000       1.4100       2.0000       2.8300       4.0000       5.6500       8.0000       11.300       12.000       14.620    
   20.000       28.300       40.000       56.500       80.000       110.00       150.00       200.00       252.89    
0


                                                  DELC WILL BE READ ON UNIT 11 USING FORMAT: (7G11.4)            
                              -------------------------------------------------------------------------------

   1.0000       1.4100       2.0000       2.8300       4.0000       5.6500       8.0000       11.300       12.000       14.620    
   20.000       28.300       40.000       56.500       80.000       110.00       150.00       200.00       252.89    
0                                                        PRIMARY STORAGE COEF =   .3750000E-03 FOR LAYER  1
0                                                        TRANSMIS. ALONG ROWS =   .1150000E-02 FOR LAYER  1
0                                                    VERT HYD COND /THICKNESS =   .1150000E-04 FOR LAYER  1
0                                                        PRIMARY STORAGE COEF =   .3750000E-03 FOR LAYER  2
0                                                        TRANSMIS. ALONG ROWS =   .1150000E-02 FOR LAYER  2
0


                                                         SOLUTION BY THE STRONGLY IMPLICIT PROCEDURE
                                                         -------------------------------------------
0                                               MAXIMUM ITERATIONS ALLOWED FOR CLOSURE =       50
                                                                ACCELERATION PARAMETER =     1.0000    
                                                     HEAD CHANGE CRITERION FOR CLOSURE =     .10000E-03
                                                     SIP HEAD CHANGE PRINTOUT INTERVAL =        1
0                                                    CALCULATE ITERATION PARAMETERS FROM MODEL CALCULATED WSEED
1                                                   STRESS PERIOD NO.   1, LENGTH =   86400.00    
                                                    ----------------------------------------------

                                                    NUMBER OF TIME STEPS =    20

                                                     MULTIPLIER FOR DELT =     1.300

                                                  INITIAL TIME STEP SIZE =   137.1069    
0             1 WELLS
                                                LAYER    ROW    COL    STRESS RATE   WELL NO.
                                                ---------------------------------------------
                                                  1       1      1     -.10000E-02       1
0AVERAGE SEED =  .00060705
 MINIMUM SEED =  .00000028
0
    5 ITERATION PARAMETERS CALCULATED FROM AVERAGE SEED:

             .0000000E+00   .8430338E+00   .9753616E+00   .9961326E+00   .9993929E+00
0
    15 ITERATIONS FOR TIME STEP   1 IN STRESS PERIOD  1
0MAXIMUM HEAD CHANGE FOR EACH ITERATION:
0 HEAD CHANGE LAYER,ROW,COL HEAD CHANGE LAYER,ROW,COL HEAD CHANGE LAYER,ROW,COL HEAD CHANGE LAYER,ROW,COL HEAD CHANGE LAYER,ROW,COL
 ------------------------------------------------------------------------------------------------------------------------------------
   -.8709     (  1,  1,  1)  -.2961     (  1,  1,  2)  -.4517     (  1,  2,  1)   .5527E-01 (  1,  5,  5)  -.2906E-01 (  1,  7,  1)
    .6171E-02 (  1,  8,  1)  -.1223E-01 (  1,  1,  1)  -.1004E-01 (  1,  1,  2)  -.1325E-01 (  1,  3,  1)   .1959E-02 (  1,  6,  4)
   -.2214E-03 (  1,  4,  1)  -.2790E-03 (  2,  3,  2)  -.7707E-03 (  1,  1,  1)  -.1638E-03 (  2,  1,  1)  -.5559E-04 (  2,  7,  1)
0
0HEAD/DRAWDOWN PRINTOUT FLAG = 1     TOTAL BUDGET PRINTOUT FLAG = 1     CELL-BY-CELL FLOW TERM FLAG = 0
0OUTPUT FLAGS FOR ALL LAYERS ARE THE SAME:
   HEAD    DRAWDOWN  HEAD  DRAWDOWN
 PRINTOUT  PRINTOUT  SAVE    SAVE
 ----------------------------------
     0         1       0       0
1                  DRAWDOWN IN LAYER  1 AT END OF TIME STEP  1 IN STRESS PERIOD  1
           -----------------------------------------------------------------------

         1     2     3     4     5     6     7     8     9    10    11    12    13    14    15    16    17    18    19
 ..........................................................................................................................
0  1  1.667 1.154  .800  .544  .355  .218  .123  .062  .030  .014  .005  .001  .000  .000  .000  .000  .000  .000  .000
0  2  1.154  .981  .747  .528  .350  .216  .123  .062  .030  .014  .005  .001  .000  .000  .000  .000  .000  .000  .000
0  3   .800  .747  .632  .481  .333  .211  .121  .061  .030  .014  .005  .001  .000  .000  .000  .000  .000  .000  .000
0  4   .544  .528  .481  .399  .297  .197  .116  .060  .030  .014  .005  .001  .000  .000  .000  .000  .000  .000  .000
0  5   .355  .350  .333  .297  .240  .171  .107  .057  .028  .013  .005  .001  .000  .000  .000  .000  .000  .000  .000
0  6   .218  .216  .211  .197  .171  .133  .090  .051  .026  .013  .005  .001  .000  .000  .000  .000  .000  .000  .000
0  7   .123  .123  .121  .116  .107  .090  .066  .041  .022  .011  .004  .001  .000  .000  .000  .000  .000  .000  .000
0  8   .062  .062  .061  .060  .057  .051  .041  .028  .017  .009  .004  .001  .000  .000  .000  .000  .000  .000  .000
0  9   .030  .030  .030  .030  .028  .026  .022  .017  .011  .006  .003  .001  .000  .000  .000  .000  .000  .000  .000
0 10   .014  .014  .014  .014  .013  .013  .011  .009  .006  .004  .002  .001  .000  .000  .000  .000  .000  .000  .000
0 11   .005  .005  .005  .005  .005  .005  .005  .004  .003  .002  .001  .000  .000  .000  .000  .000  .000  .000  .000
0 12   .001  .001  .001  .001  .001  .001  .001  .001  .001  .001  .000  .000  .000  .000  .000  .000  .000  .000  .000
0 13   .000  .000  .000  .000  .000  .000  .000  .000  .000  .000  .000  .000  .000  .000  .000  .000  .000  .000  .000
0 14   .000  .000  .000  .000  .000  .000  .000  .000  .000  .000  .000  .000  .000  .000  .000  .000  .000  .000  .000
0 15   .000  .000  .000  .000  .000  .000  .000  .000  .000  .000  .000  .000  .000  .000  .000  .000  .000  .000  .000
0 16   .000  .000  .000  .000  .000  .000  .000  .000  .000  .000  .000  .000  .000  .000  .000  .000  .000  .000  .000
0 17   .000  .000  .000  .000  .000  .000  .000  .000  .000  .000  .000  .000  .000  .000  .000  .000  .000  .000  .000
0 18   .000  .000  .000  .000  .000  .000  .000  .000  .000  .000  .000  .000  .000  .000  .000  .000  .000  .000  .000
0 19   .000  .000  .000  .000  .000  .000  .000  .000  .000  .000  .000  .000  .000  .000  .000  .000  .000  .000  .000
1                  DRAWDOWN IN LAYER  2 AT END OF TIME STEP  1 IN STRESS PERIOD  1
           -----------------------------------------------------------------------

         1     2     3     4     5     6     7     8     9    10    11    12    13    14    15    16    17    18    19
 ..........................................................................................................................
0  1   .312  .305  .287  .257  .214  .161  .106  .058  .030  .014  .005  .001  .000  .000  .000  .000  .000  .000  .000
0  2   .305  .299  .283  .254  .213  .161  .106  .058  .030  .014  .005  .001  .000  .000  .000  .000  .000  .000  .000
0  3   .287  .283  .271  .246  .207  .158  .104  .058  .029  .014  .005  .001  .000  .000  .000  .000  .000  .000  .000
0  4   .257  .254  .246  .227  .195  .151  .101  .056  .029  .014  .005  .001  .000  .000  .000  .000  .000  .000  .000
0  5   .214  .213  .207  .195  .172  .137  .094  .054  .028  .013  .005  .001  .000  .000  .000  .000  .000  .000  .000
0  6   .161  .161  .158  .151  .137  .114  .082  .049  .026  .013  .005  .001  .000  .000  .000  .000  .000  .000  .000
0  7   .106  .106  .104  .101  .094  .082  .063  .040  .022  .011  .004  .001  .000  .000  .000  .000  .000  .000  .000
0  8   .058  .058  .058  .056  .054  .049  .040  .027  .016  .009  .004  .001  .000  .000  .000  .000  .000  .000  .000
0  9   .030  .030  .029  .029  .028  .026  .022  .016  .011  .006  .003  .001  .000  .000  .000  .000  .000  .000  .000
0 10   .014  .014  .014  .014  .013  .013  .011  .009  .006  .004  .002  .001  .000  .000  .000  .000  .000  .000  .000
0 11   .005  .005  .005  .005  .005  .005  .004  .004  .003  .002  .001  .000  .000  .000  .000  .000  .000  .000  .000
0 12   .001  .001  .001  .001  .001  .001  .001  .001  .001  .001  .000  .000  .000  .000  .000  .000  .000  .000  .000
0 13   .000  .000  .000  .000  .000  .000  .000  .000  .000  .000  .000  .000  .000  .000  .000  .000  .000  .000  .000
0 14   .000  .000  .000  .000  .000  .000  .000  .000  .000  .000  .000  .000  .000  .000  .000  .000  .000  .000  .000
0 15   .000  .000  .000  .000  .000  .000  .000  .000  .000  .000  .000  .000  .000  .000  .000  .000  .000  .000  .000
0 16   .000  .000  .000  .000  .000  .000  .000  .000  .000  .000  .000  .000  .000  .000  .000  .000  .000  .000  .000
0 17   .000  .000  .000  .000  .000  .000  .000  .000  .000  .000  .000  .000  .000  .000  .000  .000  .000  .000  .000
0 18   .000  .000  .000  .000  .000  .000  .000  .000  .000  .000  .000  .000  .000  .000  .000  .000  .000  .000  .000
0 19   .000  .000  .000  .000  .000  .000  .000  .000  .000  .000  .000  .000  .000  .000  .000  .000  .000  .000  .000
0


                              VOLUMETRIC BUDGET FOR ENTIRE MODEL AT END OF TIME STEP  1 IN STRESS PERIOD  1
                              -----------------------------------------------------------------------------
0                   CUMULATIVE VOLUMES      L**3                                     RATES FOR THIS TIME STEP      L**3/T
                    ------------------                                               ------------------------

                          IN:                                                                    IN:
                          ---                                                                    ---
                            STORAGE =    .13707                                                    STORAGE =    .99975E-03
                      CONSTANT HEAD =    .00000                                              CONSTANT HEAD =    .00000    
                              WELLS =    .00000                                                      WELLS =    .00000    
0                          TOTAL IN =    .13707                                                   TOTAL IN =    .99975E-03
0                        OUT:                                                                   OUT:
                         ----                                                                   ----
                            STORAGE =    .00000                                                    STORAGE =    .00000    
                      CONSTANT HEAD =    .00000                                              CONSTANT HEAD =    .00000    
                              WELLS =    .13711                                                      WELLS =    .10000E-02
0                         TOTAL OUT =    .13711                                                  TOTAL OUT =    .10000E-02
0                          IN - OUT =   -.33677E-04                                               IN - OUT =   -.24564E-06
0               PERCENT DISCREPANCY =                -.02                              PERCENT DISCREPANCY =                -.02



0


          TIME SUMMARY AT END OF TIME STEP  1 IN STRESS PERIOD  1
                               SECONDS        MINUTES         HOURS          DAYS           YEARS
                           ---------------------------------------------------------------------------
      TIME STEP LENGTH         137.107        2.28512        .380853E-01    .158689E-02    .434466E-05
    STRESS PERIOD TIME         137.107        2.28512        .380853E-01    .158689E-02    .434466E-05
 TOTAL SIMULATION TIME         137.107        2.28512        .380853E-01    .158689E-02    .434466E-05
1
    11 ITERATIONS FOR TIME STEP   2 IN STRESS PERIOD  1
0MAXIMUM HEAD CHANGE FOR EACH ITERATION:
0 HEAD CHANGE LAYER,ROW,COL HEAD CHANGE LAYER,ROW,COL HEAD CHANGE LAYER,ROW,COL HEAD CHANGE LAYER,ROW,COL HEAD CHANGE LAYER,ROW,COL
 ------------------------------------------------------------------------------------------------------------------------------------
   -.1432E-01 (  1,  5,  5)  -.2577E-01 (  1,  2,  2)  -.8774E-01 (  1,  1,  1)  -.3118E-01 (  2,  1,  1)  -.1423E-01 (  2,  6,  1)
   -.1244E-02 (  2,  5,  1)  -.2751E-02 (  2,  1,  1)  -.3519E-02 (  2,  1,  2)  -.5394E-02 (  1,  1,  1)   .7068E-03 (  1,  6,  4)
   -.5709E-04 (  2,  4,  1)
0
0HEAD/DRAWDOWN PRINTOUT FLAG = 1     TOTAL BUDGET PRINTOUT FLAG = 0     CELL-BY-CELL FLOW TERM FLAG = 0
 REUSING PREVIOUS VALUES OF IOFLG
1                  DRAWDOWN IN LAYER  1 AT END OF TIME STEP  2 IN STRESS PERIOD  1
           -----------------------------------------------------------------------

         1     2     3     4     5     6     7     8     9    10    11    12    13    14    15    16    17    18    19
 ..........................................................................................................................
0  1  1.840 1.325  .966  .702  .499  .343  .224  .134  .077  .043  .020  .007  .002  .000  .000  .000  .000  .000  .000
0  2  1.325 1.150  .912  .685  .493  .341  .223  .133  .077  .043  .020  .007  .002  .000  .000  .000  .000  .000  .000
0  3   .966  .912  .794  .635  .475  .334  .220  .132  .077  .042  .020  .007  .002  .000  .000  .000  .000  .000  .000
0  4   .702  .685  .635  .548  .434  .318  .214  .130  .076  .042  .020  .007  .002  .000  .000  .000  .000  .000  .000
0  5   .499  .494  .475  .434  .369  .286  .201  .125  .074  .041  .019  .007  .002  .000  .000  .000  .000  .000  .000
0  6   .343  .341  .334  .318  .286  .237  .177  .115  .070  .039  .019  .007  .002  .000  .000  .000  .000  .000  .000
0  7   .224  .223  .220  .214  .201  .177  .141  .098  .062  .036  .017  .006  .002  .000  .000  .000  .000  .000  .000
0  8   .134  .133  .132  .130  .125  .115  .098  .073  .049  .030  .015  .006  .001  .000  .000  .000  .000  .000  .000
0  9   .077  .077  .077  .076  .074  .070  .062  .049  .035  .023  .012  .005  .001  .000  .000  .000  .000  .000  .000
0 10   .043  .043  .042  .042  .041  .039  .036  .030  .023  .015  .009  .004  .001  .000  .000  .000  .000  .000  .000
0 11   .020  .020  .020  .020  .019  .019  .017  .015  .012  .009  .005  .002  .001  .000  .000  .000  .000  .000  .000
0 12   .007  .007  .007  .007  .007  .007  .006  .006  .005  .004  .002  .001  .000  .000  .000  .000  .000  .000  .000
0 13   .002  .002  .002  .002  .002  .002  .002  .001  .001  .001  .001  .000  .000  .000  .000  .000  .000  .000  .000
0 14   .000  .000  .000  .000  .000  .000  .000  .000  .000  .000  .000  .000  .000  .000  .000  .000  .000  .000  .000
0 15   .000  .000  .000  .000  .000  .000  .000  .000  .000  .000  .000  .000  .000  .000  .000  .000  .000  .000  .000
0 16   .000  .000  .000  .000  .000  .000  .000  .000  .000  .000  .000  .000  .000  .000  .000  .000  .000  .000  .000
0 17   .000  .000  .000  .000  .000  .000  .000  .000  .000  .000  .000  .000  .000  .000  .000  .000  .000  .000  .000
0 18   .000  .000  .000  .000  .000  .000  .000  .000  .000  .000  .000  .000  .000  .000  .000  .000  .000  .000  .000
0 19   .000  .000  .000  .000  .000  .000  .000  .000  .000  .000  .000  .000  .000  .000  .000  .000  .000  .000  .000
1                  DRAWDOWN IN LAYER  2 AT END OF TIME STEP  2 IN STRESS PERIOD  1
           -----------------------------------------------------------------------

         1     2     3     4     5     6     7     8     9    10    11    12    13    14    15    16    17    18    19
 ..........................................................................................................................
0  1   .456  .448  .429  .395  .345  .278  .203  .129  .077  .042  .020  .007  .002  .000  .000  .000  .000  .000  .000
0  2   .448  .441  .424  .392  .343  .277  .202  .129  .076  .042  .020  .007  .002  .000  .000  .000  .000  .000  .000
0  3   .429  .424  .410  .382  .336  .274  .201  .128  .076  .042  .020  .007  .002  .000  .000  .000  .000  .000  .000
0  4   .395  .392  .382  .360  .321  .265  .196  .126  .075  .042  .020  .007  .002  .000  .000  .000  .000  .000  .000
0  5   .345  .343  .336  .321  .292  .246  .186  .121  .073  .041  .019  .007  .002  .000  .000  .000  .000  .000  .000
0  6   .279  .277  .274  .265  .246  .214  .167  .112  .069  .039  .019  .007  .002  .000  .000  .000  .000  .000  .000
0  7   .203  .203  .201  .196  .186  .167  .136  .096  .061  .036  .017  .006  .002  .000  .000  .000  .000  .000  .000
0  8   .129  .129  .128  .126  .121  .112  .096  .073  .049  .030  .015  .006  .001  .000  .000  .000  .000  .000  .000
0  9   .077  .077  .076  .075  .073  .069  .061  .049  .035  .023  .012  .005  .001  .000  .000  .000  .000  .000  .000
0 10   .042  .042  .042  .042  .041  .039  .036  .030  .023  .015  .009  .004  .001  .000  .000  .000  .000  .000  .000
0 11   .020  .020  .020  .020  .019  .019  .017  .015  .012  .009  .005  .002  .001  .000  .000  .000  .000  .000  .000
0 12   .007  .007  .007  .007  .007  .007  .006  .006  .005  .004  .002  .001  .000  .000  .000  .000  .000  .000  .000
0 13   .002  .002  .002  .002  .002  .002  .002  .001  .001  .001  .001  .000  .000  .000  .000  .000  .000  .000  .000
0 14   .000  .000  .000  .000  .000  .000  .000  .000  .000  .000  .000  .000  .000  .000  .000  .000  .000  .000  .000
0 15   .000  .000  .000  .000  .000  .000  .000  .000  .000  .000  .000  .000  .000  .000  .000  .000  .000  .000  .000
0 16   .000  .000  .000  .000  .000  .000  .000  .000  .000  .000  .000  .000  .000  .000  .000  .000  .000  .000  .000
0 17   .000  .000  .000  .000  .000  .000  .000  .000  .000  .000  .000  .000  .000  .000  .000  .000  .000  .000  .000
0 18   .000  .000  .000  .000  .000  .000  .000  .000  .000  .000  .000  .000  .000  .000  .000  .000  .000  .000  .000
0 19   .000  .000  .000  .000  .000  .000  .000  .000  .000  .000  .000  .000  .000  .000  .000  .000  .000  .000  .000
0


          TIME SUMMARY AT END OF TIME STEP  2 IN STRESS PERIOD  1
                               SECONDS        MINUTES         HOURS          DAYS           YEARS
                           ---------------------------------------------------------------------------
      TIME STEP LENGTH         178.239        2.97065        .495108E-01    .206295E-02    .564805E-05
    STRESS PERIOD TIME         315.346        5.25577        .875961E-01    .364984E-02    .999271E-05
 TOTAL SIMULATION TIME         315.346        5.25577        .875961E-01    .364984E-02    .999271E-05
1
    11 ITERATIONS FOR TIME STEP   3 IN STRESS PERIOD  1
0MAXIMUM HEAD CHANGE FOR EACH ITERATION:
0 HEAD CHANGE LAYER,ROW,COL HEAD CHANGE LAYER,ROW,COL HEAD CHANGE LAYER,ROW,COL HEAD CHANGE LAYER,ROW,COL HEAD CHANGE LAYER,ROW,COL
 ------------------------------------------------------------------------------------------------------------------------------------
   -.9873E-02 (  1,  7,  7)  -.1391E-01 (  2,  7,  5)  -.4002E-01 (  1,  1,  1)  -.2626E-01 (  2,  1,  1)  -.1365E-01 (  2,  5,  1)
    .6133E-03 (  1,  8,  1)  -.1326E-02 (  2,  1,  1)  -.1588E-02 (  2,  1,  2)  -.2637E-02 (  1,  2,  1)   .3655E-03 (  1,  6,  5)
   -.2893E-04 (  2,  4,  1)
0
0HEAD/DRAWDOWN PRINTOUT FLAG = 1     TOTAL BUDGET PRINTOUT FLAG = 0     CELL-BY-CELL FLOW TERM FLAG = 0
 REUSING PREVIOUS VALUES OF IOFLG
1                  DRAWDOWN IN LAYER  1 AT END OF TIME STEP  3 IN STRESS PERIOD  1
           -----------------------------------------------------------------------

         1     2     3     4     5     6     7     8     9    10    11    12    13    14    15    16    17    18    19
 ..........................................................................................................................
0  1  1.931 1.415 1.056  .791  .586  .426  .300  .198  .128  .080  .043  .018  .006  .001  .000  .000  .000  .000  .000
0  2  1.415 1.240 1.002  .773  .580  .424  .299  .198  .128  .079  .043  .018  .006  .001  .000  .000  .000  .000  .000
0  3  1.056 1.002  .883  .724  .561  .417  .296  .197  .128  .079  .043  .018  .006  .001  .000  .000  .000  .000  .000
0  4   .791  .773  .724  .635  .520  .400  .289  .194  .126  .079  .043  .018  .006  .001  .000  .000  .000  .000  .000
0  5   .586  .580  .561  .520  .453  .367  .275  .188  .124  .077  .042  .018  .005  .001  .000  .000  .000  .000  .000
0  6   .426  .424  .417  .400  .367  .315  .248  .176  .118  .075  .041  .018  .005  .001  .000  .000  .000  .000  .000
0  7   .300  .299  .296  .289  .275  .248  .207  .155  .107  .070  .039  .017  .005  .001  .000  .000  .000  .000  .000
0  8   .198  .198  .197  .194  .188  .176  .155  .123  .089  .060  .035  .016  .005  .001  .000  .000  .000  .000  .000
0  9   .128  .128  .128  .126  .124  .118  .107  .090  .068  .048  .029  .013  .004  .001  .000  .000  .000  .000  .000
0 10   .080  .079  .079  .079  .077  .075  .070  .060  .048  .035  .022  .011  .004  .001  .000  .000  .000  .000  .000
0 11   .043  .043  .043  .043  .042  .041  .039  .035  .029  .022  .015  .008  .003  .001  .000  .000  .000  .000  .000
0 12   .018  .018  .018  .018  .018  .018  .017  .016  .013  .011  .008  .004  .002  .000  .000  .000  .000  .000  .000
0 13   .006  .006  .006  .006  .005  .005  .005  .005  .004  .004  .003  .002  .001  .000  .000  .000  .000  .000  .000
0 14   .001  .001  .001  .001  .001  .001  .001  .001  .001  .001  .001  .000  .000  .000  .000  .000  .000  .000  .000
0 15   .000  .000  .000  .000  .000  .000  .000  .000  .000  .000  .000  .000  .000  .000  .000  .000  .000  .000  .000
0 16   .000  .000  .000  .000  .000  .000  .000  .000  .000  .000  .000  .000  .000  .000  .000  .000  .000  .000  .000
0 17   .000  .000  .000  .000  .000  .000  .000  .000  .000  .000  .000  .000  .000  .000  .000  .000  .000  .000  .000
0 18   .000  .000  .000  .000  .000  .000  .000  .000  .000  .000  .000  .000  .000  .000  .000  .000  .000  .000  .000
0 19   .000  .000  .000  .000  .000  .000  .000  .000  .000  .000  .000  .000  .000  .000  .000  .000  .000  .000  .000
1                  DRAWDOWN IN LAYER  2 AT END OF TIME STEP  3 IN STRESS PERIOD  1
           -----------------------------------------------------------------------

         1     2     3     4     5     6     7     8     9    10    11    12    13    14    15    16    17    18    19
 ..........................................................................................................................
0  1   .545  .537  .517  .483  .431  .361  .279  .193  .127  .079  .043  .018  .006  .001  .000  .000  .000  .000  .000
0  2   .537  .530  .512  .480  .429  .360  .278  .193  .127  .079  .043  .018  .006  .001  .000  .000  .000  .000  .000
0  3   .517  .512  .498  .469  .422  .356  .276  .192  .127  .079  .043  .018  .006  .001  .000  .000  .000  .000  .000
0  4   .483  .480  .469  .447  .406  .346  .271  .190  .126  .079  .043  .018  .006  .001  .000  .000  .000  .000  .000
0  5   .431  .429  .422  .406  .376  .326  .259  .184  .123  .077  .042  .018  .005  .001  .000  .000  .000  .000  .000
0  6   .361  .360  .356  .346  .326  .291  .238  .173  .117  .075  .041  .018  .005  .001  .000  .000  .000  .000  .000
0  7   .279  .278  .276  .271  .259  .238  .202  .153  .107  .069  .039  .017  .005  .001  .000  .000  .000  .000  .000
0  8   .193  .193  .192  .190  .184  .173  .153  .122  .089  .060  .035  .016  .005  .001  .000  .000  .000  .000  .000
0  9   .127  .127  .127  .126  .123  .117  .107  .089  .068  .048  .029  .013  .004  .001  .000  .000  .000  .000  .000
0 10   .079  .079  .079  .079  .077  .075  .069  .060  .048  .035  .022  .011  .004  .001  .000  .000  .000  .000  .000
0 11   .043  .043  .043  .043  .042  .041  .039  .035  .029  .022  .015  .008  .003  .001  .000  .000  .000  .000  .000
0 12   .018  .018  .018  .018  .018  .018  .017  .016  .013  .011  .008  .004  .002  .000  .000  .000  .000  .000  .000
0 13   .006  .006  .006  .006  .005  .005  .005  .005  .004  .004  .003  .002  .001  .000  .000  .000  .000  .000  .000
0 14   .001  .001  .001  .001  .001  .001  .001  .001  .001  .001  .001  .000  .000  .000  .000  .000  .000  .000  .000
0 15   .000  .000  .000  .000  .000  .000  .000  .000  .000  .000  .000  .000  .000  .000  .000  .000  .000  .000  .000
0 16   .000  .000  .000  .000  .000  .000  .000  .000  .000  .000  .000  .000  .000  .000  .000  .000  .000  .000  .000
0 17   .000  .000  .000  .000  .000  .000  .000  .000  .000  .000  .000  .000  .000  .000  .000  .000  .000  .000  .000
0 18   .000  .000  .000  .000  .000  .000  .000  .000  .000  .000  .000  .000  .000  .000  .000  .000  .000  .000  .000
0 19   .000  .000  .000  .000  .000  .000  .000  .000  .000  .000  .000  .000  .000  .000  .000  .000  .000  .000  .000
0


          TIME SUMMARY AT END OF TIME STEP  3 IN STRESS PERIOD  1
                               SECONDS        MINUTES         HOURS          DAYS           YEARS
                           ---------------------------------------------------------------------------
      TIME STEP LENGTH         231.711        3.86185        .643641E-01    .268184E-02    .734247E-05
    STRESS PERIOD TIME         547.057        9.11761        .151960        .633167E-02    .173352E-04
 TOTAL SIMULATION TIME         547.057        9.11761        .151960        .633167E-02    .173352E-04
1
    11 ITERATIONS FOR TIME STEP   4 IN STRESS PERIOD  1
0MAXIMUM HEAD CHANGE FOR EACH ITERATION:
0 HEAD CHANGE LAYER,ROW,COL HEAD CHANGE LAYER,ROW,COL HEAD CHANGE LAYER,ROW,COL HEAD CHANGE LAYER,ROW,COL HEAD CHANGE LAYER,ROW,COL
 ------------------------------------------------------------------------------------------------------------------------------------
   -.7658E-02 (  1,  8,  8)  -.1092E-01 (  1,  8,  7)  -.2557E-01 (  1,  1,  1)  -.2304E-01 (  2,  1,  1)  -.1333E-01 (  2,  5,  1)
    .5385E-03 (  1,  8,  1)  -.8118E-03 (  2,  1,  1)  -.8971E-03 (  2,  1,  2)  -.1572E-02 (  1,  2,  1)   .2435E-03 (  2,  6,  6)
   -.1806E-04 (  2,  4,  1)
0
0HEAD/DRAWDOWN PRINTOUT FLAG = 1     TOTAL BUDGET PRINTOUT FLAG = 0     CELL-BY-CELL FLOW TERM FLAG = 0
 REUSING PREVIOUS VALUES OF IOFLG
1                  DRAWDOWN IN LAYER  1 AT END OF TIME STEP  4 IN STRESS PERIOD  1
           -----------------------------------------------------------------------

         1     2     3     4     5     6     7     8     9    10    11    12    13    14    15    16    17    18    19
 ..........................................................................................................................
0  1  1.998 1.482 1.123  .858  .652  .491  .362  .255  .177  .120  .072  .036  .013  .003  .000  .000  .000  .000  .000
0  2  1.482 1.308 1.069  .840  .646  .489  .361  .254  .177  .120  .072  .036  .013  .003  .000  .000  .000  .000  .000
0  3  1.123 1.069  .950  .791  .627  .481  .358  .253  .177  .119  .072  .036  .013  .003  .000  .000  .000  .000  .000
0  4   .858  .840  .791  .702  .586  .464  .351  .250  .175  .119  .072  .036  .013  .003  .000  .000  .000  .000  .000
0  5   .652  .646  .627  .586  .518  .430  .336  .244  .172  .117  .071  .035  .013  .003  .000  .000  .000  .000  .000
0  6   .491  .489  .481  .464  .430  .377  .308  .231  .166  .114  .070  .035  .013  .003  .000  .000  .000  .000  .000
0  7   .362  .361  .358  .351  .336  .308  .264  .207  .153  .107  .067  .034  .013  .003  .000  .000  .000  .000  .000
0  8   .255  .254  .253  .250  .244  .231  .207  .172  .132  .095  .061  .031  .012  .003  .000  .000  .000  .000  .000
0  9   .177  .177  .177  .175  .172  .166  .153  .132  .106  .079  .052  .028  .011  .003  .000  .000  .000  .000  .000
0 10   .120  .120  .119  .119  .117  .114  .107  .095  .079  .062  .042  .023  .009  .002  .000  .000  .000  .000  .000
0 11   .072  .072  .072  .072  .071  .070  .067  .061  .052  .042  .030  .018  .007  .002  .000  .000  .000  .000  .000
0 12   .036  .036  .036  .036  .035  .035  .034  .031  .028  .023  .018  .011  .005  .001  .000  .000  .000  .000  .000
0 13   .013  .013  .013  .013  .013  .013  .013  .012  .011  .009  .007  .005  .002  .001  .000  .000  .000  .000  .000
0 14   .003  .003  .003  .003  .003  .003  .003  .003  .003  .002  .002  .001  .001  .000  .000  .000  .000  .000  .000
0 15   .000  .000  .000  .000  .000  .000  .000  .000  .000  .000  .000  .000  .000  .000  .000  .000  .000  .000  .000
0 16   .000  .000  .000  .000  .000  .000  .000  .000  .000  .000  .000  .000  .000  .000  .000  .000  .000  .000  .000
0 17   .000  .000  .000  .000  .000  .000  .000  .000  .000  .000  .000  .000  .000  .000  .000  .000  .000  .000  .000
0 18   .000  .000  .000  .000  .000  .000  .000  .000  .000  .000  .000  .000  .000  .000  .000  .000  .000  .000  .000
0 19   .000  .000  .000  .000  .000  .000  .000  .000  .000  .000  .000  .000  .000  .000  .000  .000  .000  .000  .000
1                  DRAWDOWN IN LAYER  2 AT END OF TIME STEP  4 IN STRESS PERIOD  1
           -----------------------------------------------------------------------

         1     2     3     4     5     6     7     8     9    10    11    12    13    14    15    16    17    18    19
 ..........................................................................................................................
0  1   .612  .604  .584  .549  .497  .426  .341  .250  .176  .120  .072  .036  .013  .003  .000  .000  .000  .000  .000
0  2   .604  .597  .579  .546  .495  .424  .340  .250  .176  .119  .072  .036  .013  .003  .000  .000  .000  .000  .000
0  3   .584  .579  .565  .536  .488  .420  .338  .249  .176  .119  .072  .036  .013  .003  .000  .000  .000  .000  .000
0  4   .549  .546  .536  .513  .472  .411  .332  .246  .174  .119  .072  .036  .013  .003  .000  .000  .000  .000  .000
0  5   .497  .495  .488  .472  .441  .390  .320  .240  .171  .117  .071  .035  .013  .003  .000  .000  .000  .000  .000
0  6   .426  .424  .420  .411  .390  .353  .298  .228  .165  .114  .070  .035  .013  .003  .000  .000  .000  .000  .000
0  7   .341  .340  .338  .332  .320  .298  .259  .206  .153  .107  .067  .034  .013  .003  .000  .000  .000  .000  .000
0  8   .250  .250  .249  .246  .240  .228  .206  .171  .132  .095  .061  .031  .012  .003  .000  .000  .000  .000  .000
0  9   .176  .176  .176  .174  .171  .165  .153  .132  .106  .079  .052  .028  .011  .003  .000  .000  .000  .000  .000
0 10   .120  .119  .119  .119  .117  .114  .107  .095  .079  .062  .042  .023  .009  .002  .000  .000  .000  .000  .000
0 11   .072  .072  .072  .072  .071  .070  .067  .061  .052  .042  .030  .018  .007  .002  .000  .000  .000  .000  .000
0 12   .036  .036  .036  .036  .035  .035  .034  .031  .028  .023  .018  .011  .005  .001  .000  .000  .000  .000  .000
0 13   .013  .013  .013  .013  .013  .013  .013  .012  .011  .009  .007  .005  .002  .001  .000  .000  .000  .000  .000
0 14   .003  .003  .003  .003  .003  .003  .003  .003  .003  .002  .002  .001  .001  .000  .000  .000  .000  .000  .000
0 15   .000  .000  .000  .000  .000  .000  .000  .000  .000  .000  .000  .000  .000  .000  .000  .000  .000  .000  .000
0 16   .000  .000  .000  .000  .000  .000  .000  .000  .000  .000  .000  .000  .000  .000  .000  .000  .000  .000  .000
0 17   .000  .000  .000  .000  .000  .000  .000  .000  .000  .000  .000  .000  .000  .000  .000  .000  .000  .000  .000
0 18   .000  .000  .000  .000  .000  .000  .000  .000  .000  .000  .000  .000  .000  .000  .000  .000  .000  .000  .000
0 19   .000  .000  .000  .000  .000  .000  .000  .000  .000  .000  .000  .000  .000  .000  .000  .000  .000  .000  .000
0


          TIME SUMMARY AT END OF TIME STEP  4 IN STRESS PERIOD  1
                               SECONDS        MINUTES         HOURS          DAYS           YEARS
                           ---------------------------------------------------------------------------
      TIME STEP LENGTH         301.224        5.02040        .836733E-01    .348639E-02    .954521E-05
    STRESS PERIOD TIME         848.281        14.1380        .235633        .981806E-02    .268804E-04
 TOTAL SIMULATION TIME         848.281        14.1380        .235633        .981806E-02    .268804E-04
1
    11 ITERATIONS FOR TIME STEP   5 IN STRESS PERIOD  1
0MAXIMUM HEAD CHANGE FOR EACH ITERATION:
0 HEAD CHANGE LAYER,ROW,COL HEAD CHANGE LAYER,ROW,COL HEAD CHANGE LAYER,ROW,COL HEAD CHANGE LAYER,ROW,COL HEAD CHANGE LAYER,ROW,COL
 ------------------------------------------------------------------------------------------------------------------------------------
   -.5988E-02 (  1,  8,  8)  -.9298E-02 (  1,  9,  8)  -.1846E-01 (  1,  1,  1)  -.2111E-01 (  2,  1,  2)  -.1378E-01 (  2,  4,  1)
    .4986E-03 (  1,  8,  1)   .5765E-03 (  1, 10,  1)   .6537E-03 (  2, 10,  1)  -.8776E-03 (  2,  3,  1)   .1718E-03 (  2,  6,  6)
   -.1161E-04 (  2,  4,  1)
0
0HEAD/DRAWDOWN PRINTOUT FLAG = 1     TOTAL BUDGET PRINTOUT FLAG = 0     CELL-BY-CELL FLOW TERM FLAG = 0
 REUSING PREVIOUS VALUES OF IOFLG
1                  DRAWDOWN IN LAYER  1 AT END OF TIME STEP  5 IN STRESS PERIOD  1
           -----------------------------------------------------------------------

         1     2     3     4     5     6     7     8     9    10    11    12    13    14    15    16    17    18    19
 ..........................................................................................................................
0  1  2.054 1.539 1.180  .914  .708  .546  .415  .306  .224  .161  .105  .059  .026  .008  .001  .000  .000  .000  .000
0  2  1.539 1.364 1.125  .896  .702  .544  .415  .305  .224  .160  .105  .059  .025  .008  .001  .000  .000  .000  .000
0  3  1.180 1.125 1.006  .847  .683  .537  .412  .304  .223  .160  .105  .059  .025  .008  .001  .000  .000  .000  .000
0  4   .914  .896  .847  .758  .642  .519  .404  .301  .222  .159  .105  .058  .025  .008  .001  .000  .000  .000  .000
0  5   .708  .702  .683  .642  .573  .485  .389  .294  .218  .158  .104  .058  .025  .008  .001  .000  .000  .000  .000
0  6   .546  .544  .537  .519  .485  .431  .360  .281  .211  .154  .102  .057  .025  .008  .001  .000  .000  .000  .000
0  7   .415  .415  .412  .404  .389  .360  .316  .256  .198  .146  .098  .056  .024  .007  .001  .000  .000  .000  .000
0  8   .306  .305  .304  .301  .294  .281  .256  .218  .175  .133  .091  .053  .023  .007  .001  .000  .000  .000  .000
0  9   .224  .224  .223  .222  .218  .211  .198  .175  .145  .114  .080  .048  .022  .007  .001  .000  .000  .000  .000
0 10   .161  .160  .160  .159  .158  .154  .146  .133  .114  .092  .067  .041  .019  .006  .001  .000  .000  .000  .000
0 11   .105  .105  .105  .105  .104  .102  .098  .091  .080  .067  .051  .033  .016  .005  .001  .000  .000  .000  .000
0 12   .059  .059  .059  .059  .058  .057  .056  .053  .048  .041  .033  .022  .011  .004  .001  .000  .000  .000  .000
0 13   .026  .025  .025  .025  .025  .025  .025  .023  .022  .019  .016  .011  .006  .002  .001  .000  .000  .000  .000
0 14   .008  .008  .008  .008  .008  .008  .007  .007  .007  .006  .005  .004  .002  .001  .000  .000  .000  .000  .000
0 15   .001  .001  .001  .001  .001  .001  .001  .001  .001  .001  .001  .001  .001  .000  .000  .000  .000  .000  .000
0 16   .000  .000  .000  .000  .000  .000  .000  .000  .000  .000  .000  .000  .000  .000  .000  .000  .000  .000  .000
0 17   .000  .000  .000  .000  .000  .000  .000  .000  .000  .000  .000  .000  .000  .000  .000  .000  .000  .000  .000
0 18   .000  .000  .000  .000  .000  .000  .000  .000  .000  .000  .000  .000  .000  .000  .000  .000  .000  .000  .000
0 19   .000  .000  .000  .000  .000  .000  .000  .000  .000  .000  .000  .000  .000  .000  .000  .000  .000  .000  .000
1                  DRAWDOWN IN LAYER  2 AT END OF TIME STEP  5 IN STRESS PERIOD  1
           -----------------------------------------------------------------------

         1     2     3     4     5     6     7     8     9    10    11    12    13    14    15    16    17    18    19
 ..........................................................................................................................
0  1   .669  .660  .641  .606  .553  .481  .394  .301  .223  .160  .105  .059  .026  .008  .001  .000  .000  .000  .000
0  2   .660  .654  .636  .603  .551  .480  .394  .301  .223  .160  .105  .059  .025  .008  .001  .000  .000  .000  .000
0  3   .641  .636  .622  .592  .544  .476  .392  .300  .222  .160  .105  .059  .025  .008  .001  .000  .000  .000  .000
0  4   .606  .603  .592  .569  .528  .466  .386  .297  .221  .159  .105  .058  .025  .008  .001  .000  .000  .000  .000
0  5   .553  .551  .544  .528  .496  .445  .374  .291  .218  .157  .104  .058  .025  .008  .001  .000  .000  .000  .000
0  6   .481  .480  .476  .466  .445  .407  .350  .278  .211  .154  .102  .057  .025  .008  .001  .000  .000  .000  .000
0  7   .394  .394  .392  .386  .374  .350  .311  .255  .197  .146  .098  .056  .024  .007  .001  .000  .000  .000  .000
0  8   .301  .301  .300  .297  .291  .278  .255  .217  .174  .133  .091  .053  .023  .007  .001  .000  .000  .000  .000
0  9   .223  .223  .222  .221  .218  .211  .197  .174  .145  .114  .080  .048  .022  .007  .001  .000  .000  .000  .000
